{
 "cells": [
  {
   "cell_type": "code",
   "execution_count": 55,
   "metadata": {},
   "outputs": [
    {
     "name": "stderr",
     "output_type": "stream",
     "text": [
      "/anaconda3/lib/python3.6/site-packages/ipykernel_launcher.py:27: SettingWithCopyWarning: \n",
      "A value is trying to be set on a copy of a slice from a DataFrame\n",
      "\n",
      "See the caveats in the documentation: http://pandas.pydata.org/pandas-docs/stable/indexing.html#indexing-view-versus-copy\n",
      "/anaconda3/lib/python3.6/site-packages/ipykernel_launcher.py:28: SettingWithCopyWarning: \n",
      "A value is trying to be set on a copy of a slice from a DataFrame\n",
      "\n",
      "See the caveats in the documentation: http://pandas.pydata.org/pandas-docs/stable/indexing.html#indexing-view-versus-copy\n"
     ]
    },
    {
     "data": {
      "text/html": [
       "<div>\n",
       "<style scoped>\n",
       "    .dataframe tbody tr th:only-of-type {\n",
       "        vertical-align: middle;\n",
       "    }\n",
       "\n",
       "    .dataframe tbody tr th {\n",
       "        vertical-align: top;\n",
       "    }\n",
       "\n",
       "    .dataframe thead th {\n",
       "        text-align: right;\n",
       "    }\n",
       "</style>\n",
       "<table border=\"1\" class=\"dataframe\">\n",
       "  <thead>\n",
       "    <tr style=\"text-align: right;\">\n",
       "      <th></th>\n",
       "      <th>Age</th>\n",
       "      <th>TSH</th>\n",
       "      <th>T3</th>\n",
       "      <th>TT4</th>\n",
       "      <th>T4u</th>\n",
       "      <th>FTI</th>\n",
       "      <th>class</th>\n",
       "    </tr>\n",
       "  </thead>\n",
       "  <tbody>\n",
       "    <tr>\n",
       "      <th>Age</th>\n",
       "      <td>1.000000</td>\n",
       "      <td>-0.033569</td>\n",
       "      <td>-0.224286</td>\n",
       "      <td>-0.050343</td>\n",
       "      <td>-0.155124</td>\n",
       "      <td>0.040092</td>\n",
       "      <td>-0.008215</td>\n",
       "    </tr>\n",
       "    <tr>\n",
       "      <th>TSH</th>\n",
       "      <td>-0.033569</td>\n",
       "      <td>1.000000</td>\n",
       "      <td>-0.155681</td>\n",
       "      <td>-0.259671</td>\n",
       "      <td>0.066218</td>\n",
       "      <td>-0.295188</td>\n",
       "      <td>0.441618</td>\n",
       "    </tr>\n",
       "    <tr>\n",
       "      <th>T3</th>\n",
       "      <td>-0.224286</td>\n",
       "      <td>-0.155681</td>\n",
       "      <td>1.000000</td>\n",
       "      <td>0.514505</td>\n",
       "      <td>0.424036</td>\n",
       "      <td>0.312070</td>\n",
       "      <td>-0.167724</td>\n",
       "    </tr>\n",
       "    <tr>\n",
       "      <th>TT4</th>\n",
       "      <td>-0.050343</td>\n",
       "      <td>-0.259671</td>\n",
       "      <td>0.514505</td>\n",
       "      <td>1.000000</td>\n",
       "      <td>0.431904</td>\n",
       "      <td>0.781832</td>\n",
       "      <td>-0.268986</td>\n",
       "    </tr>\n",
       "    <tr>\n",
       "      <th>T4u</th>\n",
       "      <td>-0.155124</td>\n",
       "      <td>0.066218</td>\n",
       "      <td>0.424036</td>\n",
       "      <td>0.431904</td>\n",
       "      <td>1.000000</td>\n",
       "      <td>-0.167147</td>\n",
       "      <td>0.031880</td>\n",
       "    </tr>\n",
       "    <tr>\n",
       "      <th>FTI</th>\n",
       "      <td>0.040092</td>\n",
       "      <td>-0.295188</td>\n",
       "      <td>0.312070</td>\n",
       "      <td>0.781832</td>\n",
       "      <td>-0.167147</td>\n",
       "      <td>1.000000</td>\n",
       "      <td>-0.292745</td>\n",
       "    </tr>\n",
       "    <tr>\n",
       "      <th>class</th>\n",
       "      <td>-0.008215</td>\n",
       "      <td>0.441618</td>\n",
       "      <td>-0.167724</td>\n",
       "      <td>-0.268986</td>\n",
       "      <td>0.031880</td>\n",
       "      <td>-0.292745</td>\n",
       "      <td>1.000000</td>\n",
       "    </tr>\n",
       "  </tbody>\n",
       "</table>\n",
       "</div>"
      ],
      "text/plain": [
       "            Age       TSH        T3       TT4       T4u       FTI     class\n",
       "Age    1.000000 -0.033569 -0.224286 -0.050343 -0.155124  0.040092 -0.008215\n",
       "TSH   -0.033569  1.000000 -0.155681 -0.259671  0.066218 -0.295188  0.441618\n",
       "T3    -0.224286 -0.155681  1.000000  0.514505  0.424036  0.312070 -0.167724\n",
       "TT4   -0.050343 -0.259671  0.514505  1.000000  0.431904  0.781832 -0.268986\n",
       "T4u   -0.155124  0.066218  0.424036  0.431904  1.000000 -0.167147  0.031880\n",
       "FTI    0.040092 -0.295188  0.312070  0.781832 -0.167147  1.000000 -0.292745\n",
       "class -0.008215  0.441618 -0.167724 -0.268986  0.031880 -0.292745  1.000000"
      ]
     },
     "execution_count": 55,
     "metadata": {},
     "output_type": "execute_result"
    }
   ],
   "source": [
    "# ---------------------------------------\n",
    "# |     LOADING AND FORMATTING DATA     |\n",
    "# ---------------------------------------\n",
    "import pandas as pd\n",
    "import numpy as np\n",
    "import seaborn as sns\n",
    "\n",
    "# load data from csv\n",
    "url = \"https://raw.githubusercontent.com/BeaverWorksMedlytics/datasets/master/allhypo.train.data.csv\"\n",
    "data_frame = pd.read_csv(url)\n",
    "\n",
    "# replace '?' with NaN and drop empty columns if existing\n",
    "data_frame[data_frame=='?'] = np.nan\n",
    "try:\n",
    "    data_frame = data_frame.drop(['TBG', 'TBG measured'],axis=1)\n",
    "except:\n",
    "    print(\"Trying to drop non-existing columns\")\n",
    "\n",
    "# convert numeric columns to floats\n",
    "numeric_columns = ['Age', 'TSH', 'T3', 'TT4', 'T4u', 'FTI']\n",
    "for label in numeric_columns:\n",
    "    data_frame[label] = data_frame[label].apply(pd.to_numeric)\n",
    "\n",
    "# replace NaN with median\n",
    "data_frame = data_frame.fillna(data_frame.median())\n",
    "\n",
    "# remove patient number from class column\n",
    "data_frame['class'] = [data_frame['class'][x].split('.')[0] for x in data_frame.index]\n",
    "\n",
    "# convert class to binary numeric values\n",
    "data_frame['class'][data_frame['class']=='negative'] = 0.0\n",
    "data_frame['class'][data_frame['class']!=0.0] = 1.0\n",
    "\n",
    "# dropping NaNs from sex column (unchanged from fillna function bc non-numeric columns did not produce medians)\n",
    "data_frame = data_frame.dropna()\n",
    "\n",
    "# infer float64 object to be the better type for class column\n",
    "data_frame = data_frame.infer_objects()"
   ]
  },
  {
   "cell_type": "code",
   "execution_count": null,
   "metadata": {},
   "outputs": [],
   "source": []
  }
 ],
 "metadata": {
  "kernelspec": {
   "display_name": "Python 3",
   "language": "python",
   "name": "python3"
  },
  "language_info": {
   "codemirror_mode": {
    "name": "ipython",
    "version": 3
   },
   "file_extension": ".py",
   "mimetype": "text/x-python",
   "name": "python",
   "nbconvert_exporter": "python",
   "pygments_lexer": "ipython3",
   "version": "3.6.4"
  }
 },
 "nbformat": 4,
 "nbformat_minor": 2
}
